156.47493797717544
157.6735144186768
159.0881805456031
159.0881805456031
155.26966002885757
155.16222483969094
158.37967445162136
151.91583217841662
158.9336539871652
154.52093349257248
156.14943473297842
158.72865722762918
158.18441796906006
158.38994015498122
158.72865722762918
158.18441796906006
158.37967445162136
159.17330792175852
158.0176404815194
158.0176404815194
158.37967445162136
159.0881805456031
159.17330792175852
156.33177768729462
155.11355738848096
159.0881805456031
159.17330792175852
155.97932859629697
155.9702378459932
157.6735144186768
152.93524366294338
159.0881805456031
158.18441796906006
157.77543255362988
154.03427024885505
158.72865722762918
158.30086507498754
158.18441796906006
158.30086507498754
155.15722875082918
158.9336539871652
158.72865722762918
158.38994015498122
156.47493797717544
155.54674662694526
155.77242866138852
156.3700679185412
158.72865722762918
157.23731940251184
158.38994015498122
158.9336539871652
155.7183104404315
153.53208588475346
158.9336539871652
155.54674662694526
158.9336539871652
155.90087242151304
155.8768242571829
158.38994015498122
155.98576918294725
157.44143144625252
158.72865722762918
158.72865722762918
158.72865722762918
155.0905826548773
158.9336539871652
158.72865722762918
158.0176404815194
158.18441796906006
158.00997220417992
158.0176404815194
158.9336539871652
153.82399507576434
156.14943473297842
158.9336539871652
157.73164405082065
158.0176404815194
156.17885162594436
157.21404075215665
150.79994273653668
155.9702378459932
158.37967445162136
159.0881805456031
150.52982599957647
156.9216652340663
159.0881805456031
154.69397375220615
158.0176404815194
159.0881805456031
159.17330792175852
155.70473330240668
