298.59354496648405
296.6542564488392
299.19444992973024
295.6564158212234
297.74991290817525
299.38385032208043
290.85641097175096
299.2040630142514
289.6106056603718
292.87093177117765
297.6253676174219
296.32641608463547
300.16196981456517
298.7640803991272
295.3405460551613
297.25961451210935
298.528120354787
294.5334549744307
291.59939473115116
296.0334916459934
296.5591146432996
293.200356178507
290.9990550555381
294.67384552705676
296.89823581077155
292.64769863121325
294.47584550939337
293.53314290712433
298.6307235763045
295.9916571754081
297.6585159016126
295.97177658999493
297.5408436045668
292.55282396503105
295.5242041280394
300.91686107813905
294.00810442991803
299.6025132850423
297.34346912715654
296.0601293952468
300.06209971319333
294.14288210396194
295.71324100438966
298.36306814913075
294.2691884299128
297.63785418612696
293.0101995221211
295.21334925000656
293.98614576924604
300.506318156595
300.3254116385775
298.61040713890424
300.22576219628155
293.6139616684145
292.444712029259
294.20614895641984
298.678145619784
297.8618128859926
298.78624821664675
298.4654514472247
294.0505668068579
297.0766705941131
299.3935184991458
296.17944389410263
294.24720444687006
297.8888789396596
293.93092353621535
297.16123271105386
299.28268172793685
295.49614987132753
295.5676963745733
298.3468646923897
299.79036439809084
298.0703584587943
297.1578116331177
293.4259357820035
296.1402801812188
290.7921619588039
299.8481839435835
297.63124040929205
298.74696959650834
295.2154379472032
296.55180747402954
295.7932399797827
295.50348002443343
297.1448413099436
296.73600314186626
295.3899352245911
295.3339615935449
295.2341017230084
298.0434984672777
306.8339080912749
304.5468563191679
307.34806020581937
308.8583879725037
304.9910028011954
304.2639585818264
307.84034732023133
309.9501365888923
308.20046577476046
304.28568011692437
305.8051809294174
310.64076539875543
311.727392493123
309.0635740135076
305.810154721772
308.56867605365613
312.17604324556646
309.08749243754664
306.4289186950881
309.331493404781
309.16060271695636
304.9420598918706
303.98957998132397
306.7766548820912
302.51544879953417
304.8426033372618
300.11293601415
309.77417515680133
307.9763257272465
300.75651772182914
303.5044535176557
303.1827639105716
297.70572730166083
302.4490447485659
301.7518042386997
306.5492108530633
302.05361146505004
306.3359507821125
305.38084937900175
303.05825657084443
307.51290604148494
301.29492240753007
309.5499418607273
309.0364839172353
308.7742721651486
308.13347320848027
303.87359363363265
308.01952870399936
310.1596578805418
305.6503467584828
307.6155429945305
307.74571683713083
306.9473603614195
310.30562647854094
309.160288975645
308.77933317979034
311.43227538714996
304.2703013169546
306.3748999807244
310.3201531332464
304.32906907719723
310.1042886876019
308.832819688408
308.01201557915084
304.18337244395224
305.1474210290488
310.5940655074487
307.28855805413446
307.92036463042837
307.9957573116135
306.9137445269157
309.20025586331093
310.7075524316199
307.28319104588394
305.2871538180408
304.4258005008674
311.45113826336643
306.81360318548445
301.251377065111
307.6962952438871
309.68562698691017
308.844281597174
308.4733194300789
303.3403130113429
307.55111311218786
307.71300018271154
301.63472820614066
303.33786684078194
306.724308901173
305.06451733564194
310.9586076397318
286.4091260014999
291.6326192999081
291.3853651097031
304.3485600018601
299.28478436390674
304.04751774719085
302.92580707857144
301.9562350590619
303.899421585318
300.40721902461235
301.61072216486133
305.6077100665472
303.9367495516617
301.76687224952275
299.0283033097458
300.96476043119856
299.98126314724175
297.7704035131674
299.7385936893004
297.6055038818973
298.8156715896366
302.123509064286
304.311509343931
301.1518489883953
299.16639488202486
295.0057398151996
300.5796107012893
300.93036323239494
304.1204102745083
300.8580310675736
299.2293117142445
297.58307044717026
294.713448443907
293.47807496784304
295.6276820253668
297.7585548714619
294.2209865995145
300.8918478612744
294.4632962012512
297.36035965462435
301.05495138478165
298.7656803362861
298.2589239798035
296.87965472181355
293.87983758390226
301.0017966985056
300.43497066005165
298.9449474276379
294.6096248865317
300.4279233558173
302.0251210133497
301.346520765145
302.0251210133497
300.4871923609776
299.29917542294
302.76280201077515
299.9763898054778
301.80118586576623
304.6490876878488
302.1424409679201
303.0624462968828
302.9227103981626
301.47827278801765
298.16120416098715
304.0240874826049
302.46212563186043
301.6494337145331
301.66303699856905
301.3625856966838
296.3682197760654
299.35329160954643
294.9517262757282
291.60876022107345
294.93771293604664
289.01373200075847
301.76109629970836
302.0374670605581
295.6944217624171
300.6290663264774
299.8844546849894
296.2767519913075
301.5286666175202
300.33292451217415
297.6626570432188
299.3193588101466
302.4720637583117
298.1669139336676
300.95149453147815
298.7506729028607
301.02744881958535
293.8931492945949
295.7853338886132
300.67255218609523
303.3888442834833
300.49577776596925
300.362748097857
291.39998257359593
301.41165303195
298.4260403313566
296.3093258150887
300.2150698879376
299.54485401040904
299.4958322786445
302.94746853857276
302.759706404188
301.1783614090367
299.8394372595781
300.9812690887446
300.5009226264484
294.0783786402202
303.40133426969595
298.95293483867675
299.2740851998029
298.4143098549954
294.5273339617685
299.61382478411616
305.2410527540539
304.6565946334731
297.74298111824066
299.66421961149206
297.85446522336247
295.55214780408016
296.50903108444993
300.14091767531374
299.15136634504177
300.8406996281513
300.5370695546237
300.73898085682515
297.37860294646714
295.61912453862277
299.2238108349294
302.8959067615443
299.75428603125204
296.12070457442394
296.93679181235166
302.66099374799705
298.6101261953165
296.3076844944417
302.7759230573562
300.09001892454296
294.99743623758343
295.23906160670055
295.8025604890028
297.3144649903628
294.40331193328734
296.42704469113266
297.7254592478118
299.22862086278957
295.29061770411784
297.1046232847574
288.5510103754159
296.52323086448496
289.35019478801405
290.58774795406816
290.1427417077474
291.3850426029486
301.27063222809636
300.8700949122844
298.34228114315874
296.16231943974185
298.6142322715116
302.76407880261115
300.0145232515996
302.97673839649724
300.40335931224934
302.62105740835625
299.27626980390335
301.47874811685244
297.3917284185464
297.92925640347806
297.2940087444076
295.8984469833323
298.12825091206855
298.96421895723853
298.2826045255052
298.9742240429838
298.0223048443253
302.34008366608316
298.76646411610454
297.9289787329192
303.4847506331426
304.6020074788768
296.6593793259183
298.21834576252553
294.43254353053527
294.46851317973574
302.77494254752423
302.15561106415015
302.475028687923
297.5286979330008
301.71062303786914
298.5400279856433
299.7455820861193
298.9685806632594
298.82325956654086
296.5264351039598
292.79069795244175
300.7559041711081
303.31846815258933
303.0118444063222
299.22536398776174
302.5963086948748
292.9086481973166
291.5172475665895
297.4217920451299
297.1869681339207
298.79541581577394
297.4322569726096
298.3183346918816
298.16718550833593
297.69427396251257
299.5668403974561
300.1386297750031
293.29286333933044
291.0730033502948
296.8785866164051
292.68956147538233
301.072267690275
297.97638027425995
295.77845128459035
295.5222043609635
299.1194326275498
301.228727668123
301.2626486282238
294.7982279362596
295.39194365911413
297.0348469842984
293.4746317078501
298.0983385456325
297.10396029898794
292.37534512549007
297.13205067560375
295.8804769678699
299.14905112397037
298.8304505032987
294.45534315157414
293.0217801949118
298.366510615875
290.03601435615036
290.5502835016897
294.2376787093209
294.1247283406578
293.49955213111906
294.1948970625278
288.3724600517545
299.0625677158256
292.94784302118296
298.20977214119296
297.54518325165805
299.80465738639765
295.9096933646284
296.75683128330127
300.574993491405
296.38458905598725
299.72457791805726
299.96813316206266
296.63555236289005
295.083610252732
297.3886895391762
299.92974882552465
299.45649019993346
296.0941364324499
295.99588175381496
299.0517647948848
299.39638181183875
296.4408900078736
292.3434343741417
295.27019030640054
298.13255384308695
297.6681477942027
296.992600137243
300.89394894633756
300.0756832618164
297.73495163920626
301.72559746402555
305.5855876199925
302.89541328530834
302.478833151055
300.5591060870614
302.8246440328665
303.65632578123643
305.56944941481504
306.5797666449865
303.85920309826
301.18908574213407
305.34118449439245
301.85849099453003
304.42372045077127
302.5918656287645
303.6908133551208
305.5849803942178
300.1787872061492
305.26668420833016
302.81581001908194
303.3108591614946
298.3222695620748
303.5568139554189
305.9053216056854
303.7422444228148
299.49730733009653
296.24337638852944
297.9568284479531
296.4710542896007
293.15806828147134
295.5514338610511
298.0618495068786
296.5560111196567
298.1824379635592
292.2630110279155
302.6976143159096
301.4733138657428
298.54189275021696
302.19910009203113
299.91537641841546
298.9809797411449
298.62674334965925
304.86849972244676
300.977382068556
302.7820497198497
299.8241743904848
295.1332138590583
297.2344590797977
294.73946682790074
297.40593377556576
294.93282428395315
300.00930090590765
303.87544343416573
303.73545070463797
303.5957678119696
303.6807923671747
301.34414042897146
301.47672220276826
305.6990918934692
303.37767763770535
305.56944941481504
299.7393548497418
304.1621831738204
304.40421412556697
305.8415027930756
305.5542795771743
303.2626929883975
300.7340531470101
302.35566634077315
299.4886952947022
304.0789546557484
301.9798671053686
303.7585192805259
300.54921691426813
295.6515845901484
299.89989520131996
292.3637029197078
293.02465717543936
291.2192797348499
297.3062837316463
291.3902256537239
299.66488863484994
295.5246764731901
298.19141327614886
301.95026795946706
297.35256663450514
297.5336148366031
297.8779944935215
296.79231104167354
293.0964953892794
303.081410803366
301.4772763378637
303.340566334609
304.9211001285902
301.2426954592454
302.2644421566147
303.18204974469995
301.5076404746809
299.594853818793
301.34401241468396
302.07067952268835
306.81982014030325
300.65800873386365
305.07370375613857
303.2444316740511
302.3908657996667
303.25317308955516
304.2798187168252
302.5967135728617
300.93088708757483
301.06319174527846
298.517170566236
301.6935381242066
292.4453303090522
287.96503324724597
299.16611617976946
298.55197775792396
297.9738015250457
295.45543505586727
297.4894570520757
302.905453016483
301.541905777137
304.6056237212096
301.7139491017574
302.63871689627973
301.5736177511902
299.46632691092026
300.83301445346956
305.2061349263829
297.5311940025664
299.77767410989173
300.3799506276099
302.65263380428206
300.1137053684297
305.86006111548284
305.717855223636
300.8011486397936
302.3331240220774
293.5320661394742
297.47507873241585
306.3909718547195
305.77908110149684
304.43035684851475
306.0474708071163
303.93801959185834
298.53244092750293
303.17429129287063
300.833043233789
301.82413648815805
304.7809756731323
305.22274148800557
306.02983627472184
302.24306511059626
304.84394868103743
302.65438228585435
300.847335440527
301.71396048853546
304.113760625525
305.8033710101382
305.87294483405964
301.7418696368352
300.22303905698436
305.62502717047784
308.03470620340636
302.88323978466207
296.27969295772823
302.33915134653313
304.4829481016507
299.3358312407282
305.20479479132416
301.97129251050956
300.1288405847795
298.4572140345883
300.81756268296317
301.956552070196
297.2958670781114
296.7846721351082
304.22036527497613
297.6120539369783
303.2502241281677
306.13976181326365
289.95443149986124
296.53198544460906
294.4275073688555
294.88378364243033
293.597549627435
295.0824068864901
295.6742950439095
293.12958432750213
292.91592284025035
297.61785631381616
290.3119816262405
296.22136869996604
297.09378949222224
294.8445278861122
295.03386549655914
292.68481111691494
294.42873620262674
296.18921056323194
286.6139179226967
290.7248194413929
289.03895878421065
285.7163286630023
289.79683694448573
287.04129168335453
288.97051666325194
288.06599709505275
288.73970942389894
289.0747981672734
294.3666405199792
293.94121242783797
292.9226942352059
284.369490128124
285.58041607247446
283.3221750671591
288.508659304026
289.567941407959
289.3072480042233
297.9525769836596
295.0819991026191
295.42348258816634
294.3053897026724
292.7721851542401
292.00299847457654
293.94138493303745
297.8544050838217
298.7230069553448
292.7653792336052
281.27596410952674
286.5870184125105
292.2865790556281
295.08386919108233
294.8111212500436
295.65764391544803
296.9660193616608
295.1617190480134
288.8487914419142
291.87571042681094
297.87025578898385
295.3342240736737
295.462409674758
293.9092717941156
296.71658576209074
294.596876087924
295.4906657064966
293.2401578650375
294.8630435903962
288.03543960576155
296.0565777940052
295.63174242520824
294.00475153183896
293.6118356267092
296.45082477661845
293.51372848026153
296.2092209709379
294.42873620262674
293.40644169448086
294.2163870464483
295.71603381249577
288.4798042161535
295.1279520874882
288.564133169467
292.4539905564866
295.48332753797763
290.4628296727281
292.7076673331884
296.2131063872463
289.3229267666497
296.3082677171935
296.1805014635639
289.9656395415074
295.42223221056497
286.75120422875057
290.1444120154418
291.3164579692491
290.9812259809566
291.4676506819069
285.99760634029644
290.9718982641747
291.15957310496276
289.6715990254557
295.16334510882257
295.5673829852141
298.4160764616012
296.41633090184445
294.5852385337746
296.54305935080833
296.56990486468766
290.4197142418618
295.50657943455167
295.6256933845139
295.9315921250682
296.98836259353413
288.725897656839
291.77957591729205
296.24686105291454
292.10957362045764
294.5840310048968
293.03750226985454
296.3193748382014
292.0670875650089
292.26541010751373
293.38870921362474
290.3008590418505
291.1341110693397
290.87455020923335
289.2332588357207
289.8720361769002
293.167958005159
292.37148645336663
283.8951366880725
298.0914492191962
295.34733909710906
293.9276732817608
294.3289167598374
295.1102765108453
293.65425994892894
291.6727435516036
293.2890444795705
299.48039216468555
297.9503132484275
296.2055522030896
299.48039216468555
297.25027561944074
297.40044936978165
293.4514527814207
290.05551880898577
290.7335158762257
288.5877118222735
288.6966084320941
290.0553441273451
287.91231799408865
290.1678649057568
290.36223347091186
290.00566302057064
288.6166683927638
288.5967367019403
286.9630094420494
295.8987103897504
298.3229273812511
292.82168372205786
291.7605287207491
289.1949123303574
295.1443590029161
293.3964708210875
292.8600922281437
294.5718248557192
298.77363458370576
291.25547282801165
293.46816212164424
297.9903098376926
288.75326570894265
297.6646664384157
296.61337659775984
296.22274963593026
296.3332108558692
299.48039216468555
284.7199788301443
297.1156891270914
297.06201968459294
288.68847127586315
295.9270489182717
298.7533294457538
301.7390278303675
303.0907437759909
302.218335911847
300.7662737944785
302.850506046053
306.1292714001251
303.4750030978876
307.50104502777776
307.8015799604021
300.7957732048334
302.1074071985513
302.3571431527922
306.2810596110836
305.71561053934187
304.71416595343015
306.0811652640013
304.9088799180101
303.9934302138617
294.29160231679464
305.3422961196493
304.6541626139008
298.1894986458777
304.85171568409237
302.8323529055251
302.81723712308144
307.8163861908282
302.30889416142406
304.2340327040981
300.8954273206642
298.05866578150204
305.8789646506514
306.359617225535
302.72923308002214
301.20903979295497
301.8833827322663
303.534503668096
295.7058517957764
301.9880971057526
295.36171338703235
297.9589717469157
299.07522749548644
301.6163023733085
304.19427810060114
300.34503424040315
296.66315862646564
297.59108190043355
301.41754790199604
299.75686022276074
305.0979497059308
302.2329329458589
301.0593322403044
300.29753147538247
299.5038578743968
302.9167683174668
301.5252559410063
306.18812722688665
302.37591831829457
306.1881130956783
301.03799478602855
291.6224826565789
294.33767390449077
299.92412569732414
296.35879468359155
301.2570607709903
301.70073908354516
301.77601538939376
300.3950608342037
301.5009979982159
307.9888312851032
304.05397447930784
304.30616105047744
301.68498873192095
304.3293637491864
306.97674536858227
301.9147411080022
303.7863999699533
301.9979365550569
303.3975962021789
296.900105232085
300.076486829867
300.49741141169875
302.8994581589823
306.0476844932981
304.7434842090813
304.25875593219473
307.26632792991734
301.75649612479174
305.3189138142624
306.76522779250087
305.9858783323608
307.1946705455275
