298.59354496648405
296.6542564488392
299.19444992973024
295.6564158212234
297.74991290817525
299.38385032208043
290.85641097175096
299.2040630142514
289.6106056603718
292.87093177117765
297.6253676174219
296.32641608463547
300.16196981456517
298.7640803991272
295.3405460551613
297.25961451210935
298.528120354787
294.5334549744307
291.59939473115116
296.0334916459934
296.5591146432996
293.200356178507
290.9990550555381
294.67384552705676
296.89823581077155
292.64769863121325
294.47584550939337
293.53314290712433
298.6307235763045
295.9916571754081
297.6585159016126
295.97177658999493
297.5408436045668
292.55282396503105
295.5242041280394
300.91686107813905
294.00810442991803
299.6025132850423
297.34346912715654
296.0601293952468
300.06209971319333
294.14288210396194
295.71324100438966
298.36306814913075
294.2691884299128
297.63785418612696
293.0101995221211
295.21334925000656
293.98614576924604
300.506318156595
300.3254116385775
298.61040713890424
300.22576219628155
293.6139616684145
292.444712029259
294.20614895641984
298.678145619784
297.8618128859926
298.78624821664675
298.4654514472247
294.0505668068579
297.0766705941131
299.3935184991458
296.17944389410263
294.24720444687006
297.8888789396596
293.93092353621535
297.16123271105386
299.28268172793685
295.49614987132753
295.5676963745733
298.3468646923897
299.79036439809084
298.0703584587943
297.1578116331177
293.4259357820035
296.1402801812188
290.7921619588039
299.8481839435835
297.63124040929205
298.74696959650834
295.2154379472032
296.55180747402954
295.7932399797827
295.50348002443343
297.1448413099436
296.73600314186626
295.3899352245911
295.3339615935449
295.2341017230084
298.0434984672777
