184.72993540389677
189.741880630036
188.63791600926163
192.77431401051084
194.64228237033527
185.33374505840249
188.80831227159518
185.3517463791625
191.14037044561556
191.08441341249852
193.0397776620424
194.40664741851472
194.8310160120788
189.1293570127189
186.35093746981795
183.2967108686874
191.49069518850348
188.36826655404843
189.29773016772577
191.14427442961653
191.02472866202447
184.39439098263318
186.94098610433178
190.2906100377112
192.08135568884083
189.82009221290846
189.79853445490855
188.90917449526697
190.96965591859356
189.04667130226824
193.96812427610686
186.9427010161693
191.5799440165281
186.98359531428818
191.87336613980392
192.36556887399536
188.3665951488324
191.70303384676157
189.23852546689938
188.5470707783765
192.93871095324926
185.9052037784402
193.80291167017506
194.02787783247146
193.01771797694514
192.66812675042985
191.19961798868727
193.47681923798683
188.78752676505204
190.82334891952868
190.52964226188726
190.2546890381451
189.17770377746714
190.3105540312937
186.84044148167416
189.98715451825996
191.32938273672954
189.506253922096
191.9266825672847
187.28091395609442
190.58452161921383
193.96812427610686
192.31674132011463
181.90770068051572
195.36541349098636
193.9659150425096
193.50376763872143
194.8310160120788
194.24671514795722
194.24671514795722
193.23117818250597
193.64088955055172
194.40664741851472
188.5377132758872
189.9894857228279
185.55880015916975
183.2143563717441
189.54284816614643
191.70429332391626
189.43703622641632
190.60334817675164
191.1936503845509
193.88470921428086
186.4679171013068
194.70096148983114
183.74208064962633
179.93905877927176
186.25168583192254
191.64019988797895
194.44664071981458
193.76452980884304
