24.770582413086835
24.770582413086835
22.595754718870616
24.770582413086835
24.770582413086835
21.724499702193775
23.59249923129918
21.846878725892154
23.59249923129918
23.59249923129918
20.901052169282217
22.59575471887061
24.770582413086835
24.770582413086835
22.635396063592957
20.901052169282217
24.770582413086835
21.724499702193775
23.59249923129918
24.770582413086835
20.55425349890118
24.770582413086835
20.389562904456533
24.770582413086835
24.770582413086835
24.770582413086835
24.770582413086835
21.846878725892154
24.770582413086835
23.59249923129918
24.770582413086835
20.901052169282217
23.59249923129918
23.59249923129918
23.59249923129918
20.0708895044696
24.770582413086835
23.59249923129918
24.770582413086835
23.59249923129918
24.770582413086835
21.846878725892154
20.55425349890118
22.59575471887061
21.669204417858936
21.669204417858936
22.59575471887061
24.770582413086835
24.770582413086835
24.770582413086835
21.72449970219377
24.770582413086835
23.59249923129918
20.069301283618106
24.770582413086835
23.59249923129918
23.59249923129918
24.770582413086835
24.770582413086835
24.770582413086835
20.74504103555163
24.770582413086835
23.59249923129918
24.770582413086835
24.770582413086835
21.846878725892154
21.53805333247673
20.55425349890118
24.770582413086835
23.59249923129918
22.595754718870616
24.770582413086835
24.770582413086835
24.770582413086835
23.59249923129918
23.59249923129918
24.770582413086835
24.770582413086835
24.770582413086835
24.770582413086835
24.770582413086835
24.770582413086835
24.770582413086835
23.59249923129918
24.770582413086835
24.770582413086835
24.770582413086835
23.59249923129918
23.59249923129918
24.770582413086835
24.770582413086835
22.595754718870616
22.635396063592957
22.595754718870616
23.59249923129918
24.770582413086835
23.59249923129918
24.770582413086835
24.770582413086835
24.770582413086835
24.770582413086835
20.901052169282217
24.770582413086835
24.770582413086835
22.595754718870616
24.770582413086835
24.770582413086835
24.770582413086835
21.846878725892154
20.06930128361811
24.770582413086835
24.770582413086835
24.770582413086835
23.59249923129918
23.59249923129918
24.770582413086835
24.770582413086835
24.770582413086835
24.770582413086835
23.59249923129918
24.770582413086835
24.770582413086835
23.59249923129918
22.595754718870616
23.59249923129918
23.59249923129918
22.635396063592957
24.770582413086835
20.55425349890118
23.59249923129918
23.59249923129918
24.770582413086835
24.770582413086835
22.59575471887061
24.770582413086835
24.770582413086835
20.74504103555163
24.770582413086835
21.669204417858936
24.770582413086835
24.770582413086835
24.770582413086835
24.770582413086835
21.846878725892154
24.770582413086835
24.770582413086835
22.635396063592957
24.770582413086835
23.59249923129918
24.770582413086835
22.635396063592957
22.635396063592957
24.770582413086835
24.770582413086835
24.770582413086835
21.846878725892154
24.770582413086835
24.770582413086835
24.770582413086835
22.635396063592957
24.770582413086835
24.770582413086835
24.770582413086835
23.59249923129918
22.595754718870616
22.635396063592957
23.59249923129918
22.635396063592957
24.770582413086835
24.770582413086835
24.770582413086835
24.770582413086835
23.59249923129918
23.59249923129918
24.770582413086835
22.635396063592957
24.770582413086835
21.846878725892154
24.770582413086835
21.724499702193775
24.770582413086835
22.595754718870616
23.59249923129918
21.846878725892154
21.53805333247673
24.770582413086835
24.770582413086835
23.59249923129918
23.59249923129918
20.389562904456533
24.770582413086835
22.595754718870616
20.55425349890118
24.770582413086835
24.770582413086835
24.770582413086835
24.770582413086835
24.770582413086835
22.595754718870616
22.595754718870616
21.53805333247673
24.770582413086835
22.635396063592957
24.770582413086835
24.770582413086835
23.59249923129918
24.770582413086835
22.595754718870616
21.72449970219377
24.770582413086835
23.59249923129918
24.770582413086835
23.59249923129918
24.770582413086835
20.74504103555163
24.770582413086835
24.770582413086835
24.770582413086835
22.595754718870616
23.59249923129918
24.770582413086835
21.846878725892154
21.669204417858936
22.595754718870616
24.770582413086835
23.59249923129918
24.770582413086835
24.770582413086835
24.770582413086835
22.59575471887061
24.770582413086835
24.770582413086835
21.669204417858936
24.770582413086835
24.770582413086835
22.595754718870616
20.554253498901183
20.55425349890118
21.669204417858936
24.770582413086835
24.770582413086835
22.635396063592957
24.770582413086835
24.770582413086835
24.770582413086835
24.770582413086835
24.770582413086835
23.59249923129918
24.770582413086835
22.635396063592957
21.724499702193775
24.770582413086835
24.770582413086835
24.770582413086835
24.770582413086835
24.770582413086835
24.770582413086835
23.59249923129918
24.770582413086835
24.770582413086835
20.901052169282217
22.635396063592957
24.770582413086835
23.59249923129918
24.770582413086835
24.770582413086835
24.770582413086835
20.069301283618106
24.770582413086835
23.59249923129918
22.595754718870616
23.59249923129918
24.770582413086835
24.770582413086835
24.770582413086835
24.770582413086835
21.669204417858936
24.770582413086835
23.59249923129918
24.770582413086835
21.53805333247673
24.770582413086835
24.770582413086835
22.595754718870616
24.770582413086835
23.59249923129918
24.770582413086835
21.53805333247673
22.635396063592957
22.595754718870616
24.770582413086835
24.770582413086835
24.770582413086835
23.59249923129918
24.770582413086835
22.595754718870616
24.770582413086835
22.59575471887061
24.770582413086835
24.770582413086835
24.770582413086835
24.770582413086835
22.595754718870616
20.55425349890118
23.59249923129918
24.770582413086835
23.59249923129918
22.635396063592957
24.770582413086835
20.389562904456533
24.770582413086835
23.59249923129918
24.770582413086835
24.770582413086835
20.901052169282217
24.770582413086835
22.595754718870616
20.389562904456533
24.770582413086835
23.59249923129918
21.846878725892154
24.770582413086835
24.770582413086835
24.770582413086835
21.53805333247673
24.770582413086835
24.770582413086835
21.669204417858936
22.635396063592957
22.635396063592957
24.770582413086835
24.770582413086835
21.846878725892154
24.770582413086835
24.770582413086835
24.770582413086835
21.846878725892154
24.770582413086835
24.770582413086835
24.770582413086835
21.669204417858936
24.770582413086835
20.55425349890118
23.59249923129918
23.59249923129918
22.635396063592957
24.770582413086835
21.669204417858936
24.770582413086835
20.389562904456533
23.59249923129918
24.770582413086835
23.59249923129918
22.635396063592957
21.846878725892154
22.635396063592957
24.770582413086835
24.770582413086835
24.770582413086835
24.770582413086835
24.770582413086835
24.770582413086835
24.770582413086835
24.770582413086835
24.770582413086835
24.770582413086835
22.635396063592957
24.770582413086835
23.59249923129918
22.635396063592957
24.770582413086835
23.59249923129918
22.635396063592957
24.770582413086835
24.770582413086835
24.770582413086835
24.770582413086835
24.770582413086835
21.72449970219377
24.770582413086835
21.669204417858936
22.59575471887061
24.770582413086835
20.55425349890118
21.846878725892154
23.59249923129918
24.770582413086835
24.770582413086835
24.770582413086835
24.770582413086835
22.595754718870616
24.770582413086835
24.770582413086835
23.59249923129918
20.069301283618106
23.59249923129918
24.770582413086835
21.846878725892154
22.635396063592957
24.770582413086835
23.59249923129918
22.635396063592957
24.770582413086835
23.59249923129918
20.901052169282217
24.770582413086835
23.59249923129918
23.59249923129918
24.770582413086835
24.770582413086835
22.595754718870616
21.72449970219377
24.770582413086835
24.770582413086835
24.770582413086835
20.554253498901183
24.770582413086835
21.846878725892154
24.770582413086835
24.770582413086835
24.770582413086835
24.770582413086835
20.55425349890118
23.59249923129918
24.770582413086835
23.59249923129918
22.635396063592957
24.770582413086835
21.53805333247673
24.770582413086835
21.53805333247673
22.635396063592957
22.635396063592957
24.770582413086835
23.59249923129918
24.770582413086835
20.74504103555163
23.59249923129918
23.59249923129918
24.770582413086835
24.770582413086835
22.635396063592957
21.669204417858936
24.770582413086835
24.770582413086835
20.069301283618106
24.770582413086835
23.59249923129918
24.770582413086835
23.59249923129918
24.770582413086835
24.770582413086835
23.59249923129918
20.74504103555163
24.770582413086835
20.74504103555163
21.669204417858936
22.595754718870616
24.770582413086835
22.635396063592957
20.55425349890118
24.770582413086835
24.770582413086835
24.770582413086835
24.770582413086835
24.770582413086835
23.59249923129918
24.770582413086835
24.770582413086835
22.595754718870616
24.770582413086835
24.770582413086835
24.770582413086835
24.770582413086835
22.635396063592957
24.770582413086835
22.635396063592957
22.595754718870616
24.770582413086835
22.595754718870616
20.069301283618106
24.770582413086835
24.770582413086835
24.770582413086835
20.389562904456533
21.669204417858936
20.069301283618106
24.770582413086835
21.724499702193775
23.59249923129918
21.846878725892154
20.55425349890118
23.59249923129918
24.770582413086835
22.595754718870616
22.635396063592957
24.770582413086835
24.770582413086835
23.59249923129918
24.770582413086835
24.770582413086835
24.770582413086835
24.770582413086835
24.770582413086835
24.770582413086835
23.59249923129918
22.635396063592957
21.669204417858936
23.59249923129918
22.595754718870616
20.55425349890118
24.770582413086835
22.635396063592957
24.770582413086835
20.554253498901183
24.770582413086835
22.635396063592957
20.069301283618106
23.59249923129918
23.59249923129918
24.770582413086835
21.846878725892154
24.770582413086835
24.770582413086835
24.770582413086835
24.770582413086835
20.74504103555163
24.770582413086835
24.770582413086835
24.770582413086835
23.59249923129918
24.770582413086835
24.770582413086835
21.724499702193775
24.770582413086835
20.74504103555163
24.770582413086835
22.635396063592957
24.770582413086835
24.770582413086835
23.59249923129918
23.59249923129918
24.770582413086835
24.770582413086835
24.770582413086835
24.770582413086835
20.069301283618106
24.770582413086835
24.770582413086835
22.595754718870616
21.53805333247673
23.59249923129918
24.770582413086835
24.770582413086835
24.770582413086835
22.595754718870616
24.770582413086835
24.770582413086835
22.595754718870616
22.595754718870616
21.724499702193775
24.770582413086835
24.770582413086835
24.770582413086835
21.53805333247673
20.0708895044696
23.59249923129918
21.669204417858936
23.59249923129918
20.55425349890118
24.770582413086835
22.635396063592957
22.595754718870616
24.770582413086835
20.55425349890118
24.770582413086835
21.724499702193775
21.669204417858936
24.770582413086835
24.770582413086835
24.770582413086835
24.770582413086835
24.770582413086835
23.59249923129918
21.846878725892154
24.770582413086835
22.595754718870616
24.770582413086835
21.669204417858936
24.770582413086835
23.59249923129918
24.770582413086835
22.595754718870616
22.595754718870616
24.770582413086835
23.59249923129918
22.635396063592957
24.770582413086835
23.59249923129918
24.770582413086835
24.770582413086835
23.59249923129918
22.595754718870616
23.59249923129918
24.770582413086835
24.770582413086835
24.770582413086835
24.770582413086835
24.770582413086835
23.59249923129918
23.59249923129918
24.770582413086835
24.770582413086835
24.770582413086835
24.770582413086835
24.770582413086835
24.770582413086835
24.770582413086835
21.669204417858936
24.770582413086835
22.635396063592957
24.770582413086835
24.770582413086835
24.770582413086835
22.635396063592957
21.846878725892154
24.770582413086835
21.846878725892154
20.069301283618106
24.770582413086835
24.770582413086835
23.59249923129918
24.770582413086835
24.770582413086835
21.53805333247673
24.770582413086835
23.59249923129918
21.846878725892154
22.595754718870616
24.770582413086835
24.770582413086835
23.59249923129918
20.06930128361811
24.770582413086835
24.770582413086835
22.595754718870616
24.770582413086835
23.59249923129918
22.595754718870616
22.635396063592957
22.635396063592957
21.846878725892154
20.74504103555163
23.59249923129918
21.724499702193775
24.770582413086835
24.770582413086835
24.770582413086835
24.770582413086835
24.770582413086835
24.770582413086835
20.55425349890118
24.770582413086835
24.770582413086835
22.595754718870616
24.770582413086835
24.770582413086835
24.770582413086835
24.770582413086835
24.770582413086835
23.59249923129918
24.770582413086835
22.595754718870616
21.53805333247673
21.53805333247673
24.770582413086835
21.846878725892154
24.770582413086835
22.635396063592957
22.595754718870616
22.595754718870616
24.770582413086835
23.59249923129918
24.770582413086835
23.59249923129918
21.72449970219377
24.770582413086835
24.770582413086835
22.595754718870616
22.59575471887061
24.770582413086835
22.635396063592957
20.069301283618106
24.770582413086835
24.770582413086835
24.770582413086835
24.770582413086835
24.770582413086835
22.595754718870616
22.595754718870616
24.770582413086835
24.770582413086835
22.635396063592957
23.59249923129918
23.59249923129918
24.770582413086835
24.770582413086835
24.770582413086835
23.59249923129918
22.59575471887061
21.846878725892154
24.770582413086835
24.770582413086835
24.770582413086835
21.724499702193775
23.59249923129918
23.59249923129918
21.669204417858936
24.770582413086835
24.770582413086835
24.770582413086835
24.770582413086835
24.770582413086835
24.770582413086835
24.770582413086835
24.770582413086835
24.770582413086835
24.770582413086835
24.770582413086835
20.55425349890118
23.59249923129918
22.635396063592957
24.770582413086835
21.846878725892154
20.069301283618106
24.770582413086835
24.770582413086835
22.635396063592957
24.770582413086835
24.770582413086835
23.59249923129918
24.770582413086835
24.770582413086835
23.59249923129918
24.770582413086835
23.59249923129918
23.59249923129918
24.770582413086835
24.770582413086835
22.635396063592957
22.635396063592957
24.770582413086835
24.770582413086835
24.770582413086835
22.595754718870616
21.669204417858936
24.770582413086835
23.59249923129918
24.770582413086835
20.74504103555163
24.770582413086835
24.770582413086835
24.770582413086835
24.770582413086835
24.770582413086835
21.72449970219377
22.595754718870616
24.770582413086835
24.770582413086835
23.59249923129918
22.635396063592957
20.554253498901183
24.770582413086835
24.770582413086835
24.770582413086835
24.770582413086835
24.770582413086835
23.59249923129918
20.554253498901183
24.770582413086835
24.770582413086835
24.770582413086835
24.770582413086835
24.770582413086835
21.53805333247673
24.770582413086835
22.595754718870616
24.770582413086835
24.770582413086835
23.59249923129918
22.595754718870616
20.901052169282217
24.770582413086835
24.770582413086835
22.595754718870616
21.724499702193775
24.770582413086835
24.770582413086835
24.770582413086835
24.770582413086835
24.770582413086835
22.595754718870616
22.595754718870616
24.770582413086835
24.770582413086835
24.770582413086835
20.901052169282217
21.669204417858936
24.770582413086835
20.554253498901183
23.59249923129918
23.59249923129918
21.669204417858936
24.770582413086835
24.770582413086835
24.770582413086835
24.770582413086835
23.59249923129918
23.59249923129918
24.770582413086835
23.59249923129918
24.770582413086835
22.595754718870616
24.770582413086835
23.59249923129918
24.770582413086835
20.0708895044696
24.770582413086835
24.770582413086835
23.59249923129918
24.770582413086835
20.0708895044696
24.770582413086835
24.770582413086835
23.59249923129918
24.770582413086835
24.770582413086835
20.389562904456533
24.770582413086835
24.770582413086835
22.595754718870616
24.770582413086835
24.770582413086835
24.770582413086835
21.72449970219377
24.770582413086835
21.846878725892154
24.770582413086835
24.770582413086835
23.59249923129918
24.770582413086835
21.53805333247673
21.669204417858936
21.846878725892154
21.72449970219377
22.595754718870616
24.770582413086835
24.770582413086835
21.724499702193775
24.770582413086835
24.770582413086835
22.635396063592957
22.595754718870616
24.770582413086835
24.770582413086835
24.770582413086835
21.53805333247673
24.770582413086835
21.53805333247673
23.59249923129918
24.770582413086835
24.770582413086835
24.770582413086835
24.770582413086835
21.53805333247673
24.770582413086835
24.770582413086835
21.724499702193775
23.59249923129918
23.59249923129918
21.846878725892154
23.59249923129918
24.770582413086835
23.59249923129918
22.635396063592957
23.59249923129918
24.770582413086835
24.770582413086835
24.770582413086835
24.770582413086835
22.595754718870616
20.901052169282217
23.59249923129918
22.635396063592957
24.770582413086835
22.595754718870616
24.770582413086835
23.59249923129918
24.770582413086835
24.770582413086835
24.770582413086835
